30741
30766
30769
30847
30926
30948
30963
30979
31040
31099
31113
31268
31270
31309
31327
31328
31329
31335
31337
31404
31460
31470
31494
31505
31564
31587
31604
31609
31613
31633
31643
31718
31740
31791
31820
31859
31860
31861
31876
31991
32031
32046
32053
32054
32055
32101
32107
32430
32487
32626
32632
32633
32634
32647
32648
32668
32673
32695
32706
32725
32807
32825
32826
32827
32828
32829
32830
32876
32892
32933
32954
33036
33109
33110
33111
33133
33268
33287
33305
33371
33374
33381
33388
33390
33437
33446
33448
33567
33582
33589
33675
33747
33757
33803
33831
33833
33844
33845
33846
33920
33937
34112
34176
34177
34178
34232
34253
34271
34272
34273
34376
34377
34378
34384
34390
34480
34494
34505
34660
34675
34684
34692
34713
34721
34728
34729
34730
34738
34751
34752
34753
34754
34785
34798
34824
34837
34841
34853
34854
34888
34911
34913
34938
34939
34941
34942
34943
34944
34946
34947
34993
35010
35012
35013
35014
35021
35022
35023
35049
35050
35051
35052
35053
35054
35099
35101
35108
35114
35128
35141
35147
35148
35150
35151
35156
35157
35158
35160
35193
35411
35412
35413
35414
35420
35421
35423
35424
35430
35431
35433
35434
35518
35543
35550
35695
35738
35740
35741
35742
35743
35744
35745
35761
35762
35764
35765
35780
35886
35888
35889
35890
35894
35898
35900
35934
36076
36084
36090
36098
36099
36100
36101
36131
36148
36210
36233
36250
36265
36275
36330
36350
36351
36353
36364
36393
36479
36495
36534
36540
36590
36636
36638
36639
36640
36729
36742
36799
36800
36801
36802
36803
36821
36829
36984
36997
37005
37012
37013
37033
37057
37134
37139
37157
37274
37327
37337
37349
37350
37351
37406
37504
37515
37562
37620
37634
37652
37660
37727
37728
37729
37730
37776
37842
37843
37844
37845
37857
38030
38036
38042
38154
38227
38228
38229
38230
38231
38232
38252
38283
38371
38459
38525
38527
38529
38531
38651
38665
38700
38701
38702
38703
38820
38832
38862
38906
38908
38909
38910
38911
38916
38936
38938
38983
38994
38996
38998
39037
39057
39063
39107
39113
39149
39272
39280
39292
39300
39355
39358
39359
39360
39361
39362
39369
39419
39440
39442
39443
39444
39445
39446
39470
39583
39628
39725
39735
39745
39746
39747
39748
39854
39940
39995
40049
40051
40063
40134
40139
40153
40167
40176
40203
40239
40326
40327
40328
40329
40356
40403
40414
40424
40442
40444
40490
40551
40762
40828
40914
40920
40923
40934
40982
40990
41013
41024
41025
41026
41054
41128
41171
41205
41215
41228
41406
41506
41539
41548
41554
41557
41558
41560
41561
41562
41597
41602
41603
41605
41606
41614
41625
41626
41627
41657
41675
41676
41677
41693
41703
41708
41709
41711
41712
41725
41778
41784
41792
41839
41920
41971
41972
41973
41995
42007
42009
42026
42027
42028
42029
42039
42040
42041
42042
42048
42058
42070
42080
42081
42082
42089
42103
42139
42168
42206
42233
42236
42237
42238
42243
42352
42354
42362
42369
42448
42449
42450
42456
42457
42458
42510
42512
42647
42662
42663
42665
42666
42671
42672
42674
42675
42745
42763
42775
42794
42805
42839
42846
42854
42909
42910
42911
42915
42919
42938
42950
42962
42963
42965
42966
42977
42978
42979
42981
43020
43022
43023
43024
43025
43026
43031
43032
43033
43073
43084
43171
43230
43298
43299
43300
43301
43302
43306
43319
43320
43321
43322
43323
43324
43447
43524
43525
43526
43557
43574
43585
43691
43822
43826
43827
43828
43829
44035
44107
44113
44129
44168
44253
44273
44359
44361
44382
44386
44393
44400
44406
44424
44426
44437
44462
44473
44600
44601
44602
44614
44636
44721
44735
44780
44787
44845
44846
44847
44942
44993
44994
44995
45051
45059
45066
45067
45068
45118
45130
45156
45204
45289
45290
45291
45292
45293
45320
45572
45576
45578
45591
45593
45717
45791
45810
45811
45882
45904
45925
45938
45955
45975
45977
45978
45979
45980
45981
45982
